337
571.0 571.3
571.3 571.5999999999999
571.5999999999999 571.8999999999999
571.8999999999999 572.1999999999998
572.1999999999998 572.4999999999998
572.4999999999998 572.7999999999997
572.7999999999997 573.0999999999997
573.0999999999997 573.3999999999996
573.3999999999996 573.6999999999996
785.9 786.1999999999999
786.1999999999999 786.4999999999999
786.4999999999999 786.7999999999998
786.7999999999998 787.0999999999998
787.0999999999998 787.3999999999997
787.3999999999997 787.6999999999997
787.6999999999997 787.9999999999997
787.9999999999997 788.2999999999996
788.2999999999996 788.5999999999996
788.5999999999996 788.8999999999995
788.8999999999995 789.1999999999995
789.1999999999995 789.4999999999994
789.4999999999994 789.7999999999994
789.7999999999994 790.0999999999993
790.0999999999993 790.3999999999993
790.3999999999993 790.6999999999992
809.5 809.8
809.8 810.0999999999999
810.0999999999999 810.3999999999999
810.3999999999999 810.6999999999998
810.6999999999998 810.9999999999998
810.9999999999998 811.2999999999997
811.2999999999997 811.5999999999997
811.5999999999997 811.8999999999996
811.8999999999996 812.1999999999996
812.1999999999996 812.4999999999995
812.4999999999995 812.7999999999995
812.7999999999995 813.0999999999995
813.0999999999995 813.3999999999994
817.0 817.3
817.3 817.5999999999999
817.5999999999999 817.8999999999999
817.8999999999999 818.1999999999998
818.1999999999998 818.4999999999998
818.4999999999998 818.7999999999997
818.7999999999997 819.0999999999997
819.0999999999997 819.3999999999996
819.3999999999996 819.6999999999996
819.6999999999996 819.9999999999995
819.9999999999995 820.2999999999995
820.2999999999995 820.5999999999995
820.5999999999995 820.8999999999994
820.8999999999994 821.1999999999994
821.1999999999994 821.4999999999993
821.4999999999993 821.7999999999993
821.7999999999993 822.0999999999992
822.0999999999992 822.3999999999992
822.3999999999992 822.6999999999991
822.6999999999991 822.9999999999991
822.9999999999991 823.299999999999
823.299999999999 823.599999999999
823.599999999999 823.899999999999
823.899999999999 824.1999999999989
828.3 828.5999999999999
828.5999999999999 828.8999999999999
828.8999999999999 829.1999999999998
829.1999999999998 829.4999999999998
829.4999999999998 829.7999999999997
829.7999999999997 830.0999999999997
830.0999999999997 830.3999999999996
830.3999999999996 830.6999999999996
830.6999999999996 830.9999999999995
830.9999999999995 831.2999999999995
831.2999999999995 831.5999999999995
831.5999999999995 831.8999999999994
831.8999999999994 832.1999999999994
832.1999999999994 832.4999999999993
832.4999999999993 832.7999999999993
832.7999999999993 833.0999999999992
833.0999999999992 833.3999999999992
833.3999999999992 833.6999999999991
833.6999999999991 833.9999999999991
833.9999999999991 834.299999999999
834.299999999999 834.599999999999
834.599999999999 835.8
835.8 836.0999999999999
836.0999999999999 836.3999999999999
836.3999999999999 836.6999999999998
836.6999999999998 836.9999999999998
836.9999999999998 837.2999999999997
837.2999999999997 837.5999999999997
837.5999999999997 837.8999999999996
837.8999999999996 838.1999999999996
838.1999999999996 838.4999999999995
860.1 860.4
860.4 860.6999999999999
860.6999999999999 860.9999999999999
860.9999999999999 861.2999999999998
861.2999999999998 861.5999999999998
861.5999999999998 861.8999999999997
861.8999999999997 862.1999999999997
862.1999999999997 862.4999999999997
862.4999999999997 862.7999999999996
862.7999999999996 863.0999999999996
863.0999999999996 863.3999999999995
863.3999999999995 863.6999999999995
872.2 872.5
872.5 872.8
872.8 873.0999999999999
873.0999999999999 873.3999999999999
873.3999999999999 873.6999999999998
873.6999999999998 873.9999999999998
873.9999999999998 874.2999999999997
874.2999999999997 874.5999999999997
874.5999999999997 874.8999999999996
874.8999999999996 875.1999999999996
875.1999999999996 875.4999999999995
875.4999999999995 875.7999999999995
875.7999999999995 876.0999999999995
876.0999999999995 876.3999999999994
876.3999999999994 876.6999999999994
876.6999999999994 876.9999999999993
876.9999999999993 877.2999999999993
891.9 892.1999999999999
892.1999999999999 892.4999999999999
892.4999999999999 892.7999999999998
892.7999999999998 893.0999999999998
893.0999999999998 893.3999999999997
893.3999999999997 893.6999999999997
893.6999999999997 893.9999999999997
893.9999999999997 894.2999999999996
894.2999999999996 894.5999999999996
894.5999999999996 894.8999999999995
898.2 898.5
898.5 898.8
898.8 899.0999999999999
899.0999999999999 899.3999999999999
899.3999999999999 899.6999999999998
899.6999999999998 899.9999999999998
899.9999999999998 900.2999999999997
900.2999999999997 900.5999999999997
900.5999999999997 900.8999999999996
900.8999999999996 901.1999999999996
901.1999999999996 901.4999999999995
901.4999999999995 901.7999999999995
901.7999999999995 902.0999999999995
902.0999999999995 902.3999999999994
902.3999999999994 902.6999999999994
902.6999999999994 902.9999999999993
902.9999999999993 903.2999999999993
903.2999999999993 903.5999999999992
903.5999999999992 903.8999999999992
903.8999999999992 904.1999999999991
904.1999999999991 904.4999999999991
929.6 929.9
929.9 930.1999999999999
930.1999999999999 930.4999999999999
930.4999999999999 930.7999999999998
930.7999999999998 931.0999999999998
931.0999999999998 931.3999999999997
931.3999999999997 931.6999999999997
931.6999999999997 931.9999999999997
931.9999999999997 932.2999999999996
932.2999999999996 932.5999999999996
932.5999999999996 932.8999999999995
932.8999999999995 933.1999999999995
933.1999999999995 933.4999999999994
933.4999999999994 933.7999999999994
933.7999999999994 934.0999999999993
934.0999999999993 934.3999999999993
934.3999999999993 934.6999999999992
934.6999999999992 934.9999999999992
934.9999999999992 935.2999999999992
935.2999999999992 935.5999999999991
935.5999999999991 935.8999999999991
935.8999999999991 936.199999999999
936.199999999999 936.499999999999
936.499999999999 936.7999999999989
936.7999999999989 937.0999999999989
937.0999999999989 937.3999999999988
937.3999999999988 937.6999999999988
937.6999999999988 937.9999999999987
937.9999999999987 938.2999999999987
938.2999999999987 938.5999999999987
938.5999999999987 938.8999999999986
938.8999999999986 939.1999999999986
939.1999999999986 939.4999999999985
958.0 958.3
958.3 958.5999999999999
958.5999999999999 958.8999999999999
958.8999999999999 959.1999999999998
959.1999999999998 959.4999999999998
959.4999999999998 959.7999999999997
959.7999999999997 960.0999999999997
960.0999999999997 960.3999999999996
960.3999999999996 960.6999999999996
960.6999999999996 960.9999999999995
960.9999999999995 961.2999999999995
961.2999999999995 961.5999999999995
961.5999999999995 961.8999999999994
961.8999999999994 962.1999999999994
962.1999999999994 962.4999999999993
962.4999999999993 962.7999999999993
962.7999999999993 963.0999999999992
963.0999999999992 963.3999999999992
963.3999999999992 963.6999999999991
963.6999999999991 963.9999999999991
985.0 985.3
985.3 985.5999999999999
985.5999999999999 985.8999999999999
985.8999999999999 986.1999999999998
986.1999999999998 986.4999999999998
986.4999999999998 986.7999999999997
986.7999999999997 987.0999999999997
987.0999999999997 987.3999999999996
987.3999999999996 987.6999999999996
987.6999999999996 987.9999999999995
987.9999999999995 988.2999999999995
988.2999999999995 988.5999999999995
988.5999999999995 988.8999999999994
988.8999999999994 989.1999999999994
989.1999999999994 989.4999999999993
989.4999999999993 989.7999999999993
989.7999999999993 990.0999999999992
990.0999999999992 990.3999999999992
990.3999999999992 990.6999999999991
990.6999999999991 990.9999999999991
990.9999999999991 991.299999999999
1092.2 1092.5
1092.5 1092.8
1092.8 1093.1
1093.1 1093.3999999999999
1093.3999999999999 1093.6999999999998
1093.6999999999998 1093.9999999999998
1093.9999999999998 1094.2999999999997
1094.2999999999997 1094.5999999999997
1094.5999999999997 1094.8999999999996
1094.8999999999996 1095.1999999999996
1095.1999999999996 1095.4999999999995
1095.4999999999995 1095.7999999999995
1095.7999999999995 1096.0999999999995
1096.0999999999995 1096.3999999999994
1096.3999999999994 1096.6999999999994
1096.6999999999994 1096.9999999999993
1096.9999999999993 1097.2999999999993
1097.2999999999993 1097.5999999999992
1097.5999999999992 1097.8999999999992
1102.5 1102.8
1102.8 1103.1
1103.1 1103.3999999999999
1103.3999999999999 1103.6999999999998
1103.6999999999998 1103.9999999999998
1103.9999999999998 1104.2999999999997
1104.2999999999997 1104.5999999999997
1104.5999999999997 1104.8999999999996
1113.3 1113.6
1113.6 1113.8999999999999
1113.8999999999999 1114.1999999999998
1114.1999999999998 1114.4999999999998
1114.4999999999998 1114.7999999999997
1114.7999999999997 1115.0999999999997
1115.0999999999997 1115.3999999999996
1115.3999999999996 1115.6999999999996
1115.6999999999996 1115.9999999999995
1115.9999999999995 1116.2999999999995
1124.4 1124.7
1124.7 1125.0
1125.0 1125.3
1125.3 1125.6
1125.6 1125.8999999999999
1125.8999999999999 1126.1999999999998
1126.1999999999998 1126.4999999999998
1126.4999999999998 1126.7999999999997
1126.7999999999997 1127.0999999999997
1127.0999999999997 1127.3999999999996
1127.3999999999996 1127.6999999999996
1127.6999999999996 1127.9999999999995
1127.9999999999995 1128.2999999999995
1128.2999999999995 1128.5999999999995
1128.5999999999995 1128.8999999999994
1128.8999999999994 1129.1999999999994
1129.1999999999994 1129.4999999999993
1129.4999999999993 1129.7999999999993
1129.7999999999993 1130.0999999999992
1130.0999999999992 1130.3999999999992
1130.3999999999992 1130.6999999999991
1130.6999999999991 1130.999999999999
1130.999999999999 1131.299999999999
1131.299999999999 1131.599999999999
1131.599999999999 1131.899999999999
1131.899999999999 1132.199999999999
1132.199999999999 1132.4999999999989
1142.2 1142.5
1142.5 1142.8
1142.8 1143.1
1143.1 1143.3999999999999
1143.3999999999999 1143.6999999999998
1143.6999999999998 1143.9999999999998
1143.9999999999998 1144.2999999999997
1144.2999999999997 1144.5999999999997
1144.5999999999997 1144.8999999999996
1144.8999999999996 1145.1999999999996
1145.1999999999996 1145.4999999999995
1145.4999999999995 1145.7999999999995
1145.7999999999995 1146.0999999999995
1146.0999999999995 1146.3999999999994
1146.3999999999994 1146.6999999999994
1146.6999999999994 1146.9999999999993
1146.9999999999993 1147.2999999999993
1147.2999999999993 1147.5999999999992
1147.5999999999992 1147.8999999999992
1155.2 1155.5
1155.5 1155.8
1155.8 1156.1
1156.1 1156.3999999999999
1156.3999999999999 1156.6999999999998
1156.6999999999998 1156.9999999999998
1156.9999999999998 1157.2999999999997
1157.2999999999997 1157.5999999999997
1157.5999999999997 1157.8999999999996
1157.8999999999996 1158.1999999999996
1158.1999999999996 1158.4999999999995
1158.4999999999995 1158.7999999999995
1158.7999999999995 1159.0999999999995
1159.0999999999995 1159.3999999999994
1159.3999999999994 1159.6999999999994
1159.6999999999994 1159.9999999999993
1159.9999999999993 1160.2999999999993
1160.2999999999993 1160.5999999999992
1160.5999999999992 1160.8999999999992
1160.8999999999992 1161.1999999999991
1161.1999999999991 1161.499999999999
1161.499999999999 1161.799999999999
1161.799999999999 1162.099999999999
1162.099999999999 1162.399999999999
1162.399999999999 1162.699999999999
1162.699999999999 1162.9999999999989
1162.9999999999989 1163.2999999999988
