353
785.9 786.2
786.2 786.5
786.5 786.8
786.8 787.1
787.1 787.4
787.4 787.7
787.7 788.0
788.0 788.3
788.3 788.6
788.6 788.9
788.9 789.2
789.2 789.5
789.5 789.8
789.8 790.1
790.1 790.4
790.4 790.7
809.5 809.8
809.8 810.1
810.1 810.4
810.4 810.7
810.7 811.0
811.0 811.3
811.3 811.6
811.6 811.9
811.9 812.2
812.2 812.5
812.5 812.8
812.8 813.1
813.1 813.4
817.0 817.3
817.3 817.6
817.6 817.9
817.9 818.2
818.2 818.5
818.5 818.8
818.8 819.1
819.1 819.4
819.4 819.7
819.7 820.0
820.0 820.3
820.3 820.6
820.6 820.9
820.9 821.2
821.2 821.5
821.5 821.8
821.8 822.1
822.1 822.4
822.4 822.7
822.7 823.0
823.0 823.3
823.3 823.6
823.6 823.9
823.9 824.2
828.3 828.6
828.6 828.9
828.9 829.2
829.2 829.5
829.5 829.8
829.8 830.1
830.1 830.4
830.4 830.7
830.7 831.0
831.0 831.3
831.3 831.6
831.6 831.9
831.9 832.2
832.2 832.5
832.5 832.8
832.8 833.1
833.1 833.4
833.4 833.7
833.7 834.0
834.0 834.3
834.3 834.6
835.8 836.1
836.1 836.4
836.4 836.7
836.7 837.0
837.0 837.3
837.3 837.6
837.6 837.9
837.9 838.2
838.2 838.5
860.1 860.4
860.4 860.7
860.7 861.0
861.0 861.3
861.3 861.6
861.6 861.9
861.9 862.2
862.2 862.5
862.5 862.8
862.8 863.1
863.1 863.4
863.4 863.7
872.2 872.5
872.5 872.8
872.8 873.1
873.1 873.4
873.4 873.7
873.7 874.0
874.0 874.3
874.3 874.6
874.6 874.9
874.9 875.2
875.2 875.5
875.5 875.8
875.8 876.1
876.1 876.4
876.4 876.7
876.7 877.0
877.0 877.3
891.9 892.2
892.2 892.5
892.5 892.8
892.8 893.1
893.1 893.4
893.4 893.7
893.7 894.0
894.0 894.3
894.3 894.6
894.6 894.9
898.2 898.5
898.5 898.8
898.8 899.1
899.1 899.4
899.4 899.7
899.7 900.0
900.0 900.3
900.3 900.6
900.6 900.9
900.9 901.2
901.2 901.5
901.5 901.8
901.8 902.1
902.1 902.4
902.4 902.7
902.7 903.0
903.0 903.3
903.3 903.6
903.6 903.9
903.9 904.2
904.2 904.5
929.6 929.9
929.9 930.2
930.2 930.5
930.5 930.8
930.8 931.1
931.1 931.4
931.4 931.7
931.7 932.0
932.0 932.3
932.3 932.6
932.6 932.9
932.9 933.2
933.2 933.5
933.5 933.8
933.8 934.1
934.1 934.4
934.4 934.7
934.7 935.0
935.0 935.3
935.3 935.6
935.6 935.9
935.9 936.2
936.2 936.5
936.5 936.8
936.8 937.1
937.1 937.4
937.4 937.7
937.7 938.0
938.0 938.3
938.3 938.6
938.6 938.9
938.9 939.2
939.2 939.5
958.0 958.3
958.3 958.6
958.6 958.9
958.9 959.2
959.2 959.5
959.5 959.8
959.8 960.1
960.1 960.4
960.4 960.7
960.7 961.0
961.0 961.3
961.3 961.6
961.6 961.9
961.9 962.2
962.2 962.5
962.5 962.8
962.8 963.1
963.1 963.4
963.4 963.7
963.7 964.0
985.0 985.3
985.3 985.6
985.6 985.9
985.9 986.2
986.2 986.5
986.5 986.8
986.8 987.1
987.1 987.4
987.4 987.7
987.7 988.0
988.0 988.3
988.3 988.6
988.6 988.9
988.9 989.2
989.2 989.5
989.5 989.8
989.8 990.1
990.1 990.4
990.4 990.7
990.7 991.0
991.0 991.3
1076.7 1077.0
1077.0 1077.3
1077.3 1077.6
1077.6 1077.9
1077.9 1078.2
1078.2 1078.5
1078.5 1078.8
1078.8 1079.1
1079.1 1079.4
1079.4 1079.7
1079.7 1080.0
1080.0 1080.3
1080.3 1080.6
1080.6 1080.9
1080.9 1081.2
1081.2 1081.5
1081.5 1081.8
1081.8 1082.1
1082.1 1082.4
1082.4 1082.7
1082.7 1083.0
1083.0 1083.3
1083.3 1083.6
1083.6 1083.9
1083.9 1084.2
1084.2 1084.5
1092.2 1092.5
1092.5 1092.8
1092.8 1093.1
1093.1 1093.4
1093.4 1093.7
1093.7 1094.0
1094.0 1094.3
1094.3 1094.6
1094.6 1094.9
1094.9 1095.2
1095.2 1095.5
1095.5 1095.8
1095.8 1096.1
1096.1 1096.4
1096.4 1096.7
1096.7 1097.0
1097.0 1097.3
1097.3 1097.6
1097.6 1097.9
1102.5 1102.8
1102.8 1103.1
1103.1 1103.4
1103.4 1103.7
1103.7 1104.0
1104.0 1104.3
1104.3 1104.6
1104.6 1104.9
1113.3 1113.6
1113.6 1113.9
1113.9 1114.2
1114.2 1114.5
1114.5 1114.8
1114.8 1115.1
1115.1 1115.4
1115.4 1115.7
1115.7 1116.0
1116.0 1116.3
1124.4 1124.7
1124.7 1125.0
1125.0 1125.3
1125.3 1125.6
1125.6 1125.9
1125.9 1126.2
1126.2 1126.5
1126.5 1126.8
1126.8 1127.1
1127.1 1127.4
1127.4 1127.7
1127.7 1128.0
1128.0 1128.3
1128.3 1128.6
1128.6 1128.9
1128.9 1129.2
1129.2 1129.5
1129.5 1129.8
1129.8 1130.1
1130.1 1130.4
1130.4 1130.7
1130.7 1131.0
1131.0 1131.3
1131.3 1131.6
1131.6 1131.9
1131.9 1132.2
1132.2 1132.5
1142.2 1142.5
1142.5 1142.8
1142.8 1143.1
1143.1 1143.4
1143.4 1143.7
1143.7 1144.0
1144.0 1144.3
1144.3 1144.6
1144.6 1144.9
1144.9 1145.2
1145.2 1145.5
1145.5 1145.8
1145.8 1146.1
1146.1 1146.4
1146.4 1146.7
1146.7 1147.0
1147.0 1147.3
1147.3 1147.6
1147.6 1147.9
1155.2 1155.5
1155.5 1155.8
1155.8 1156.1
1156.1 1156.4
1156.4 1156.7
1156.7 1157.0
1157.0 1157.3
1157.3 1157.6
1157.6 1157.9
1157.9 1158.2
1158.2 1158.5
1158.5 1158.8
1158.8 1159.1
1159.1 1159.4
1159.4 1159.7
1159.7 1160.0
1160.0 1160.3
1160.3 1160.6
1160.6 1160.9
1160.9 1161.2
1161.2 1161.5
1161.5 1161.8
1161.8 1162.1
1162.1 1162.4
1162.4 1162.7
1162.7 1163.0
1163.0 1163.3
