2780
510.00 510.50
510.50 511.00
511.00 511.50
511.50 512.00
512.00 512.50
512.50 513.00
513.00 513.50
513.50 514.00
514.00 514.50
514.50 515.00
515.00 515.50
515.50 516.00
516.00 516.50
516.50 517.00
517.00 517.50
517.50 518.00
518.00 518.50
518.50 519.00
519.00 519.50
519.50 520.00
520.00 520.50
520.50 521.00
521.00 521.50
521.50 522.00
522.00 522.50
522.50 523.00
523.00 523.50
523.50 524.00
524.00 524.50
524.50 525.00
525.00 525.50
525.50 526.00
526.00 526.50
526.50 527.00
527.00 527.50
527.50 528.00
528.00 528.50
528.50 529.00
529.00 529.50
529.50 530.00
530.00 530.50
530.50 531.00
531.00 531.50
531.50 532.00
532.00 532.50
532.50 533.00
533.00 533.50
533.50 534.00
534.00 534.50
534.50 535.00
535.00 535.50
535.50 536.00
536.00 536.50
536.50 537.00
537.00 537.50
537.50 538.00
538.00 538.50
538.50 539.00
539.00 539.50
539.50 540.00
540.00 540.50
540.50 541.00
541.00 541.50
541.50 542.00
542.00 542.50
542.50 543.00
543.00 543.50
543.50 544.00
544.00 544.50
544.50 545.00
545.00 545.50
545.50 546.00
546.00 546.50
546.50 547.00
547.00 547.50
547.50 548.00
548.00 548.50
548.50 549.00
549.00 549.50
549.50 550.00
550.00 550.50
550.50 551.00
551.00 551.50
551.50 552.00
552.00 552.50
552.50 553.00
553.00 553.50
553.50 554.00
554.00 554.50
554.50 555.00
555.00 555.50
555.50 556.00
556.00 556.50
556.50 557.00
557.00 557.50
557.50 558.00
558.00 558.50
558.50 559.00
559.00 559.50
559.50 560.00
560.00 560.50
560.50 561.00
561.00 561.50
561.50 562.00
562.00 562.50
562.50 563.00
563.00 563.50
563.50 564.00
564.00 564.50
564.50 565.00
565.00 565.50
565.50 566.00
566.00 566.50
566.50 567.00
567.00 567.50
567.50 568.00
568.00 568.50
568.50 569.00
569.00 569.50
569.50 570.00
570.00 570.50
570.50 571.00
571.00 571.50
571.50 572.00
572.00 572.50
572.50 573.00
573.00 573.50
573.50 574.00
574.00 574.50
574.50 575.00
575.00 575.50
575.50 576.00
576.00 576.50
576.50 577.00
577.00 577.50
577.50 578.00
578.00 578.50
578.50 579.00
579.00 579.50
579.50 580.00
580.00 580.50
580.50 581.00
581.00 581.50
581.50 582.00
582.00 582.50
582.50 583.00
583.00 583.50
583.50 584.00
584.00 584.50
584.50 585.00
585.00 585.50
585.50 586.00
586.00 586.50
586.50 587.00
587.00 587.50
587.50 588.00
588.00 588.50
588.50 589.00
589.00 589.50
589.50 590.00
590.00 590.50
590.50 591.00
591.00 591.50
591.50 592.00
592.00 592.50
592.50 593.00
593.00 593.50
593.50 594.00
594.00 594.50
594.50 595.00
595.00 595.50
595.50 596.00
596.00 596.50
596.50 597.00
597.00 597.50
597.50 598.00
598.00 598.50
598.50 599.00
599.00 599.50
599.50 600.00
600.00 600.50
600.50 601.00
601.00 601.50
601.50 602.00
602.00 602.50
602.50 603.00
603.00 603.50
603.50 604.00
604.00 604.50
604.50 605.00
605.00 605.50
605.50 606.00
606.00 606.50
606.50 607.00
607.00 607.50
607.50 608.00
608.00 608.50
608.50 609.00
609.00 609.50
609.50 610.00
610.00 610.50
610.50 611.00
611.00 611.50
611.50 612.00
612.00 612.50
612.50 613.00
613.00 613.50
613.50 614.00
614.00 614.50
614.50 615.00
615.00 615.50
615.50 616.00
616.00 616.50
616.50 617.00
617.00 617.50
617.50 618.00
618.00 618.50
618.50 619.00
619.00 619.50
619.50 620.00
620.00 620.50
620.50 621.00
621.00 621.50
621.50 622.00
622.00 622.50
622.50 623.00
623.00 623.50
623.50 624.00
624.00 624.50
624.50 625.00
625.00 625.50
625.50 626.00
626.00 626.50
626.50 627.00
627.00 627.50
627.50 628.00
628.00 628.50
628.50 629.00
629.00 629.50
629.50 630.00
630.00 630.50
630.50 631.00
631.00 631.50
631.50 632.00
632.00 632.50
632.50 633.00
633.00 633.50
633.50 634.00
634.00 634.50
634.50 635.00
635.00 635.50
635.50 636.00
636.00 636.50
636.50 637.00
637.00 637.50
637.50 638.00
638.00 638.50
638.50 639.00
639.00 639.50
639.50 640.00
640.00 640.50
640.50 641.00
641.00 641.50
641.50 642.00
642.00 642.50
642.50 643.00
643.00 643.50
643.50 644.00
644.00 644.50
644.50 645.00
645.00 645.50
645.50 646.00
646.00 646.50
646.50 647.00
647.00 647.50
647.50 648.00
648.00 648.50
648.50 649.00
649.00 649.50
649.50 650.00
650.00 650.50
650.50 651.00
651.00 651.50
651.50 652.00
652.00 652.50
652.50 653.00
653.00 653.50
653.50 654.00
654.00 654.50
654.50 655.00
655.00 655.50
655.50 656.00
656.00 656.50
656.50 657.00
657.00 657.50
657.50 658.00
658.00 658.50
658.50 659.00
659.00 659.50
659.50 660.00
660.00 660.50
660.50 661.00
661.00 661.50
661.50 662.00
662.00 662.50
662.50 663.00
663.00 663.50
663.50 664.00
664.00 664.50
664.50 665.00
665.00 665.50
665.50 666.00
666.00 666.50
666.50 667.00
667.00 667.50
667.50 668.00
668.00 668.50
668.50 669.00
669.00 669.50
669.50 670.00
670.00 670.50
670.50 671.00
671.00 671.50
671.50 672.00
672.00 672.50
672.50 673.00
673.00 673.50
673.50 674.00
674.00 674.50
674.50 675.00
675.00 675.50
675.50 676.00
676.00 676.50
676.50 677.00
677.00 677.50
677.50 678.00
678.00 678.50
678.50 679.00
679.00 679.50
679.50 680.00
680.00 680.50
680.50 681.00
681.00 681.50
681.50 682.00
682.00 682.50
682.50 683.00
683.00 683.50
683.50 684.00
684.00 684.50
684.50 685.00
685.00 685.50
685.50 686.00
686.00 686.50
686.50 687.00
687.00 687.50
687.50 688.00
688.00 688.50
688.50 689.00
689.00 689.50
689.50 690.00
690.00 690.50
690.50 691.00
691.00 691.50
691.50 692.00
692.00 692.50
692.50 693.00
693.00 693.50
693.50 694.00
694.00 694.50
694.50 695.00
695.00 695.50
695.50 696.00
696.00 696.50
696.50 697.00
697.00 697.50
697.50 698.00
698.00 698.50
698.50 699.00
699.00 699.50
699.50 700.00
700.00 700.50
700.50 701.00
701.00 701.50
701.50 702.00
702.00 702.50
702.50 703.00
703.00 703.50
703.50 704.00
704.00 704.50
704.50 705.00
705.00 705.50
705.50 706.00
706.00 706.50
706.50 707.00
707.00 707.50
707.50 708.00
708.00 708.50
708.50 709.00
709.00 709.50
709.50 710.00
710.00 710.50
710.50 711.00
711.00 711.50
711.50 712.00
712.00 712.50
712.50 713.00
713.00 713.50
713.50 714.00
714.00 714.50
714.50 715.00
715.00 715.50
715.50 716.00
716.00 716.50
716.50 717.00
717.00 717.50
717.50 718.00
718.00 718.50
718.50 719.00
719.00 719.50
719.50 720.00
720.00 720.50
720.50 721.00
721.00 721.50
721.50 722.00
722.00 722.50
722.50 723.00
723.00 723.50
723.50 724.00
724.00 724.50
724.50 725.00
725.00 725.50
725.50 726.00
726.00 726.50
726.50 727.00
727.00 727.50
727.50 728.00
728.00 728.50
728.50 729.00
729.00 729.50
729.50 730.00
730.00 730.50
730.50 731.00
731.00 731.50
731.50 732.00
732.00 732.50
732.50 733.00
733.00 733.50
733.50 734.00
734.00 734.50
734.50 735.00
735.00 735.50
735.50 736.00
736.00 736.50
736.50 737.00
737.00 737.50
737.50 738.00
738.00 738.50
738.50 739.00
739.00 739.50
739.50 740.00
740.00 740.50
740.50 741.00
741.00 741.50
741.50 742.00
742.00 742.50
742.50 743.00
743.00 743.50
743.50 744.00
744.00 744.50
744.50 745.00
745.00 745.50
745.50 746.00
746.00 746.50
746.50 747.00
747.00 747.50
747.50 748.00
748.00 748.50
748.50 749.00
749.00 749.50
749.50 750.00
750.00 750.50
750.50 751.00
751.00 751.50
751.50 752.00
752.00 752.50
752.50 753.00
753.00 753.50
753.50 754.00
754.00 754.50
754.50 755.00
755.00 755.50
755.50 756.00
756.00 756.50
756.50 757.00
757.00 757.50
757.50 758.00
758.00 758.50
758.50 759.00
759.00 759.50
759.50 760.00
760.00 760.50
760.50 761.00
761.00 761.50
761.50 762.00
762.00 762.50
762.50 763.00
763.00 763.50
763.50 764.00
764.00 764.50
764.50 765.00
765.00 765.50
765.50 766.00
766.00 766.50
766.50 767.00
767.00 767.50
767.50 768.00
768.00 768.50
768.50 769.00
769.00 769.50
769.50 770.00
770.00 770.50
770.50 771.00
771.00 771.50
771.50 772.00
772.00 772.50
772.50 773.00
773.00 773.50
773.50 774.00
774.00 774.50
774.50 775.00
775.00 775.50
775.50 776.00
776.00 776.50
776.50 777.00
777.00 777.50
777.50 778.00
778.00 778.50
778.50 779.00
779.00 779.50
779.50 780.00
780.00 780.50
780.50 781.00
781.00 781.50
781.50 782.00
782.00 782.50
782.50 783.00
783.00 783.50
783.50 784.00
784.00 784.50
784.50 785.00
785.00 785.50
785.50 786.00
786.00 786.50
786.50 787.00
787.00 787.50
787.50 788.00
788.00 788.50
788.50 789.00
789.00 789.50
789.50 790.00
790.00 790.50
790.50 791.00
791.00 791.50
791.50 792.00
792.00 792.50
792.50 793.00
793.00 793.50
793.50 794.00
794.00 794.50
794.50 795.00
795.00 795.50
795.50 796.00
796.00 796.50
796.50 797.00
797.00 797.50
797.50 798.00
798.00 798.50
798.50 799.00
799.00 799.50
799.50 800.00
800.00 800.50
800.50 801.00
801.00 801.50
801.50 802.00
802.00 802.50
802.50 803.00
803.00 803.50
803.50 804.00
804.00 804.50
804.50 805.00
805.00 805.50
805.50 806.00
806.00 806.50
806.50 807.00
807.00 807.50
807.50 808.00
808.00 808.50
808.50 809.00
809.00 809.50
809.50 810.00
810.00 810.50
810.50 811.00
811.00 811.50
811.50 812.00
812.00 812.50
812.50 813.00
813.00 813.50
813.50 814.00
814.00 814.50
814.50 815.00
815.00 815.50
815.50 816.00
816.00 816.50
816.50 817.00
817.00 817.50
817.50 818.00
818.00 818.50
818.50 819.00
819.00 819.50
819.50 820.00
820.00 820.50
820.50 821.00
821.00 821.50
821.50 822.00
822.00 822.50
822.50 823.00
823.00 823.50
823.50 824.00
824.00 824.50
824.50 825.00
825.00 825.50
825.50 826.00
826.00 826.50
826.50 827.00
827.00 827.50
827.50 828.00
828.00 828.50
828.50 829.00
829.00 829.50
829.50 830.00
830.00 830.50
830.50 831.00
831.00 831.50
831.50 832.00
832.00 832.50
832.50 833.00
833.00 833.50
833.50 834.00
834.00 834.50
834.50 835.00
835.00 835.50
835.50 836.00
836.00 836.50
836.50 837.00
837.00 837.50
837.50 838.00
838.00 838.50
838.50 839.00
839.00 839.50
839.50 840.00
840.00 840.50
840.50 841.00
841.00 841.50
841.50 842.00
842.00 842.50
842.50 843.00
843.00 843.50
843.50 844.00
844.00 844.50
844.50 845.00
845.00 845.50
845.50 846.00
846.00 846.50
846.50 847.00
847.00 847.50
847.50 848.00
848.00 848.50
848.50 849.00
849.00 849.50
849.50 850.00
850.00 850.50
850.50 851.00
851.00 851.50
851.50 852.00
852.00 852.50
852.50 853.00
853.00 853.50
853.50 854.00
854.00 854.50
854.50 855.00
855.00 855.50
855.50 856.00
856.00 856.50
856.50 857.00
857.00 857.50
857.50 858.00
858.00 858.50
858.50 859.00
859.00 859.50
859.50 860.00
860.00 860.50
860.50 861.00
861.00 861.50
861.50 862.00
862.00 862.50
862.50 863.00
863.00 863.50
863.50 864.00
864.00 864.50
864.50 865.00
865.00 865.50
865.50 866.00
866.00 866.50
866.50 867.00
867.00 867.50
867.50 868.00
868.00 868.50
868.50 869.00
869.00 869.50
869.50 870.00
870.00 870.50
870.50 871.00
871.00 871.50
871.50 872.00
872.00 872.50
872.50 873.00
873.00 873.50
873.50 874.00
874.00 874.50
874.50 875.00
875.00 875.50
875.50 876.00
876.00 876.50
876.50 877.00
877.00 877.50
877.50 878.00
878.00 878.50
878.50 879.00
879.00 879.50
879.50 880.00
880.00 880.50
880.50 881.00
881.00 881.50
881.50 882.00
882.00 882.50
882.50 883.00
883.00 883.50
883.50 884.00
884.00 884.50
884.50 885.00
885.00 885.50
885.50 886.00
886.00 886.50
886.50 887.00
887.00 887.50
887.50 888.00
888.00 888.50
888.50 889.00
889.00 889.50
889.50 890.00
890.00 890.50
890.50 891.00
891.00 891.50
891.50 892.00
892.00 892.50
892.50 893.00
893.00 893.50
893.50 894.00
894.00 894.50
894.50 895.00
895.00 895.50
895.50 896.00
896.00 896.50
896.50 897.00
897.00 897.50
897.50 898.00
898.00 898.50
898.50 899.00
899.00 899.50
899.50 900.00
900.00 900.50
900.50 901.00
901.00 901.50
901.50 902.00
902.00 902.50
902.50 903.00
903.00 903.50
903.50 904.00
904.00 904.50
904.50 905.00
905.00 905.50
905.50 906.00
906.00 906.50
906.50 907.00
907.00 907.50
907.50 908.00
908.00 908.50
908.50 909.00
909.00 909.50
909.50 910.00
910.00 910.50
910.50 911.00
911.00 911.50
911.50 912.00
912.00 912.50
912.50 913.00
913.00 913.50
913.50 914.00
914.00 914.50
914.50 915.00
915.00 915.50
915.50 916.00
916.00 916.50
916.50 917.00
917.00 917.50
917.50 918.00
918.00 918.50
918.50 919.00
919.00 919.50
919.50 920.00
920.00 920.50
920.50 921.00
921.00 921.50
921.50 922.00
922.00 922.50
922.50 923.00
923.00 923.50
923.50 924.00
924.00 924.50
924.50 925.00
925.00 925.50
925.50 926.00
926.00 926.50
926.50 927.00
927.00 927.50
927.50 928.00
928.00 928.50
928.50 929.00
929.00 929.50
929.50 930.00
930.00 930.50
930.50 931.00
931.00 931.50
931.50 932.00
932.00 932.50
932.50 933.00
933.00 933.50
933.50 934.00
934.00 934.50
934.50 935.00
935.00 935.50
935.50 936.00
936.00 936.50
936.50 937.00
937.00 937.50
937.50 938.00
938.00 938.50
938.50 939.00
939.00 939.50
939.50 940.00
940.00 940.50
940.50 941.00
941.00 941.50
941.50 942.00
942.00 942.50
942.50 943.00
943.00 943.50
943.50 944.00
944.00 944.50
944.50 945.00
945.00 945.50
945.50 946.00
946.00 946.50
946.50 947.00
947.00 947.50
947.50 948.00
948.00 948.50
948.50 949.00
949.00 949.50
949.50 950.00
950.00 950.50
950.50 951.00
951.00 951.50
951.50 952.00
952.00 952.50
952.50 953.00
953.00 953.50
953.50 954.00
954.00 954.50
954.50 955.00
955.00 955.50
955.50 956.00
956.00 956.50
956.50 957.00
957.00 957.50
957.50 958.00
958.00 958.50
958.50 959.00
959.00 959.50
959.50 960.00
960.00 960.50
960.50 961.00
961.00 961.50
961.50 962.00
962.00 962.50
962.50 963.00
963.00 963.50
963.50 964.00
964.00 964.50
964.50 965.00
965.00 965.50
965.50 966.00
966.00 966.50
966.50 967.00
967.00 967.50
967.50 968.00
968.00 968.50
968.50 969.00
969.00 969.50
969.50 970.00
970.00 970.50
970.50 971.00
971.00 971.50
971.50 972.00
972.00 972.50
972.50 973.00
973.00 973.50
973.50 974.00
974.00 974.50
974.50 975.00
975.00 975.50
975.50 976.00
976.00 976.50
976.50 977.00
977.00 977.50
977.50 978.00
978.00 978.50
978.50 979.00
979.00 979.50
979.50 980.00
980.00 980.50
980.50 981.00
981.00 981.50
981.50 982.00
982.00 982.50
982.50 983.00
983.00 983.50
983.50 984.00
984.00 984.50
984.50 985.00
985.00 985.50
985.50 986.00
986.00 986.50
986.50 987.00
987.00 987.50
987.50 988.00
988.00 988.50
988.50 989.00
989.00 989.50
989.50 990.00
990.00 990.50
990.50 991.00
991.00 991.50
991.50 992.00
992.00 992.50
992.50 993.00
993.00 993.50
993.50 994.00
994.00 994.50
994.50 995.00
995.00 995.50
995.50 996.00
996.00 996.50
996.50 997.00
997.00 997.50
997.50 998.00
998.00 998.50
998.50 999.00
999.00 999.50
999.50 1000.00
1000.00 1000.50
1000.50 1001.00
1001.00 1001.50
1001.50 1002.00
1002.00 1002.50
1002.50 1003.00
1003.00 1003.50
1003.50 1004.00
1004.00 1004.50
1004.50 1005.00
1005.00 1005.50
1005.50 1006.00
1006.00 1006.50
1006.50 1007.00
1007.00 1007.50
1007.50 1008.00
1008.00 1008.50
1008.50 1009.00
1009.00 1009.50
1009.50 1010.00
1010.00 1010.50
1010.50 1011.00
1011.00 1011.50
1011.50 1012.00
1012.00 1012.50
1012.50 1013.00
1013.00 1013.50
1013.50 1014.00
1014.00 1014.50
1014.50 1015.00
1015.00 1015.50
1015.50 1016.00
1016.00 1016.50
1016.50 1017.00
1017.00 1017.50
1017.50 1018.00
1018.00 1018.50
1018.50 1019.00
1019.00 1019.50
1019.50 1020.00
1020.00 1020.50
1020.50 1021.00
1021.00 1021.50
1021.50 1022.00
1022.00 1022.50
1022.50 1023.00
1023.00 1023.50
1023.50 1024.00
1024.00 1024.50
1024.50 1025.00
1025.00 1025.50
1025.50 1026.00
1026.00 1026.50
1026.50 1027.00
1027.00 1027.50
1027.50 1028.00
1028.00 1028.50
1028.50 1029.00
1029.00 1029.50
1029.50 1030.00
1030.00 1030.50
1030.50 1031.00
1031.00 1031.50
1031.50 1032.00
1032.00 1032.50
1032.50 1033.00
1033.00 1033.50
1033.50 1034.00
1034.00 1034.50
1034.50 1035.00
1035.00 1035.50
1035.50 1036.00
1036.00 1036.50
1036.50 1037.00
1037.00 1037.50
1037.50 1038.00
1038.00 1038.50
1038.50 1039.00
1039.00 1039.50
1039.50 1040.00
1040.00 1040.50
1040.50 1041.00
1041.00 1041.50
1041.50 1042.00
1042.00 1042.50
1042.50 1043.00
1043.00 1043.50
1043.50 1044.00
1044.00 1044.50
1044.50 1045.00
1045.00 1045.50
1045.50 1046.00
1046.00 1046.50
1046.50 1047.00
1047.00 1047.50
1047.50 1048.00
1048.00 1048.50
1048.50 1049.00
1049.00 1049.50
1049.50 1050.00
1050.00 1050.50
1050.50 1051.00
1051.00 1051.50
1051.50 1052.00
1052.00 1052.50
1052.50 1053.00
1053.00 1053.50
1053.50 1054.00
1054.00 1054.50
1054.50 1055.00
1055.00 1055.50
1055.50 1056.00
1056.00 1056.50
1056.50 1057.00
1057.00 1057.50
1057.50 1058.00
1058.00 1058.50
1058.50 1059.00
1059.00 1059.50
1059.50 1060.00
1060.00 1060.50
1060.50 1061.00
1061.00 1061.50
1061.50 1062.00
1062.00 1062.50
1062.50 1063.00
1063.00 1063.50
1063.50 1064.00
1064.00 1064.50
1064.50 1065.00
1065.00 1065.50
1065.50 1066.00
1066.00 1066.50
1066.50 1067.00
1067.00 1067.50
1067.50 1068.00
1068.00 1068.50
1068.50 1069.00
1069.00 1069.50
1069.50 1070.00
1070.00 1070.50
1070.50 1071.00
1071.00 1071.50
1071.50 1072.00
1072.00 1072.50
1072.50 1073.00
1073.00 1073.50
1073.50 1074.00
1074.00 1074.50
1074.50 1075.00
1075.00 1075.50
1075.50 1076.00
1076.00 1076.50
1076.50 1077.00
1077.00 1077.50
1077.50 1078.00
1078.00 1078.50
1078.50 1079.00
1079.00 1079.50
1079.50 1080.00
1080.00 1080.50
1080.50 1081.00
1081.00 1081.50
1081.50 1082.00
1082.00 1082.50
1082.50 1083.00
1083.00 1083.50
1083.50 1084.00
1084.00 1084.50
1084.50 1085.00
1085.00 1085.50
1085.50 1086.00
1086.00 1086.50
1086.50 1087.00
1087.00 1087.50
1087.50 1088.00
1088.00 1088.50
1088.50 1089.00
1089.00 1089.50
1089.50 1090.00
1090.00 1090.50
1090.50 1091.00
1091.00 1091.50
1091.50 1092.00
1092.00 1092.50
1092.50 1093.00
1093.00 1093.50
1093.50 1094.00
1094.00 1094.50
1094.50 1095.00
1095.00 1095.50
1095.50 1096.00
1096.00 1096.50
1096.50 1097.00
1097.00 1097.50
1097.50 1098.00
1098.00 1098.50
1098.50 1099.00
1099.00 1099.50
1099.50 1100.00
1100.00 1100.50
1100.50 1101.00
1101.00 1101.50
1101.50 1102.00
1102.00 1102.50
1102.50 1103.00
1103.00 1103.50
1103.50 1104.00
1104.00 1104.50
1104.50 1105.00
1105.00 1105.50
1105.50 1106.00
1106.00 1106.50
1106.50 1107.00
1107.00 1107.50
1107.50 1108.00
1108.00 1108.50
1108.50 1109.00
1109.00 1109.50
1109.50 1110.00
1110.00 1110.50
1110.50 1111.00
1111.00 1111.50
1111.50 1112.00
1112.00 1112.50
1112.50 1113.00
1113.00 1113.50
1113.50 1114.00
1114.00 1114.50
1114.50 1115.00
1115.00 1115.50
1115.50 1116.00
1116.00 1116.50
1116.50 1117.00
1117.00 1117.50
1117.50 1118.00
1118.00 1118.50
1118.50 1119.00
1119.00 1119.50
1119.50 1120.00
1120.00 1120.50
1120.50 1121.00
1121.00 1121.50
1121.50 1122.00
1122.00 1122.50
1122.50 1123.00
1123.00 1123.50
1123.50 1124.00
1124.00 1124.50
1124.50 1125.00
1125.00 1125.50
1125.50 1126.00
1126.00 1126.50
1126.50 1127.00
1127.00 1127.50
1127.50 1128.00
1128.00 1128.50
1128.50 1129.00
1129.00 1129.50
1129.50 1130.00
1130.00 1130.50
1130.50 1131.00
1131.00 1131.50
1131.50 1132.00
1132.00 1132.50
1132.50 1133.00
1133.00 1133.50
1133.50 1134.00
1134.00 1134.50
1134.50 1135.00
1135.00 1135.50
1135.50 1136.00
1136.00 1136.50
1136.50 1137.00
1137.00 1137.50
1137.50 1138.00
1138.00 1138.50
1138.50 1139.00
1139.00 1139.50
1139.50 1140.00
1140.00 1140.50
1140.50 1141.00
1141.00 1141.50
1141.50 1142.00
1142.00 1142.50
1142.50 1143.00
1143.00 1143.50
1143.50 1144.00
1144.00 1144.50
1144.50 1145.00
1145.00 1145.50
1145.50 1146.00
1146.00 1146.50
1146.50 1147.00
1147.00 1147.50
1147.50 1148.00
1148.00 1148.50
1148.50 1149.00
1149.00 1149.50
1149.50 1150.00
1150.00 1150.50
1150.50 1151.00
1151.00 1151.50
1151.50 1152.00
1152.00 1152.50
1152.50 1153.00
1153.00 1153.50
1153.50 1154.00
1154.00 1154.50
1154.50 1155.00
1155.00 1155.50
1155.50 1156.00
1156.00 1156.50
1156.50 1157.00
1157.00 1157.50
1157.50 1158.00
1158.00 1158.50
1158.50 1159.00
1159.00 1159.50
1159.50 1160.00
1160.00 1160.50
1160.50 1161.00
1161.00 1161.50
1161.50 1162.00
1162.00 1162.50
1162.50 1163.00
1163.00 1163.50
1163.50 1164.00
1164.00 1164.50
1164.50 1165.00
1165.00 1165.50
1165.50 1166.00
1166.00 1166.50
1166.50 1167.00
1167.00 1167.50
1167.50 1168.00
1168.00 1168.50
1168.50 1169.00
1169.00 1169.50
1169.50 1170.00
1170.00 1170.50
1170.50 1171.00
1171.00 1171.50
1171.50 1172.00
1172.00 1172.50
1172.50 1173.00
1173.00 1173.50
1173.50 1174.00
1174.00 1174.50
1174.50 1175.00
1175.00 1175.50
1175.50 1176.00
1176.00 1176.50
1176.50 1177.00
1177.00 1177.50
1177.50 1178.00
1178.00 1178.50
1178.50 1179.00
1179.00 1179.50
1179.50 1180.00
1180.00 1180.50
1180.50 1181.00
1181.00 1181.50
1181.50 1182.00
1182.00 1182.50
1182.50 1183.00
1183.00 1183.50
1183.50 1184.00
1184.00 1184.50
1184.50 1185.00
1185.00 1185.50
1185.50 1186.00
1186.00 1186.50
1186.50 1187.00
1187.00 1187.50
1187.50 1188.00
1188.00 1188.50
1188.50 1189.00
1189.00 1189.50
1189.50 1190.00
1190.00 1190.50
1190.50 1191.00
1191.00 1191.50
1191.50 1192.00
1192.00 1192.50
1192.50 1193.00
1193.00 1193.50
1193.50 1194.00
1194.00 1194.50
1194.50 1195.00
1195.00 1195.50
1195.50 1196.00
1196.00 1196.50
1196.50 1197.00
1197.00 1197.50
1197.50 1198.00
1198.00 1198.50
1198.50 1199.00
1199.00 1199.50
1199.50 1200.00
1200.00 1200.50
1200.50 1201.00
1201.00 1201.50
1201.50 1202.00
1202.00 1202.50
1202.50 1203.00
1203.00 1203.50
1203.50 1204.00
1204.00 1204.50
1204.50 1205.00
1205.00 1205.50
1205.50 1206.00
1206.00 1206.50
1206.50 1207.00
1207.00 1207.50
1207.50 1208.00
1208.00 1208.50
1208.50 1209.00
1209.00 1209.50
1209.50 1210.00
1210.00 1210.50
1210.50 1211.00
1211.00 1211.50
1211.50 1212.00
1212.00 1212.50
1212.50 1213.00
1213.00 1213.50
1213.50 1214.00
1214.00 1214.50
1214.50 1215.00
1215.00 1215.50
1215.50 1216.00
1216.00 1216.50
1216.50 1217.00
1217.00 1217.50
1217.50 1218.00
1218.00 1218.50
1218.50 1219.00
1219.00 1219.50
1219.50 1220.00
1220.00 1220.50
1220.50 1221.00
1221.00 1221.50
1221.50 1222.00
1222.00 1222.50
1222.50 1223.00
1223.00 1223.50
1223.50 1224.00
1224.00 1224.50
1224.50 1225.00
1225.00 1225.50
1225.50 1226.00
1226.00 1226.50
1226.50 1227.00
1227.00 1227.50
1227.50 1228.00
1228.00 1228.50
1228.50 1229.00
1229.00 1229.50
1229.50 1230.00
1230.00 1230.50
1230.50 1231.00
1231.00 1231.50
1231.50 1232.00
1232.00 1232.50
1232.50 1233.00
1233.00 1233.50
1233.50 1234.00
1234.00 1234.50
1234.50 1235.00
1235.00 1235.50
1235.50 1236.00
1236.00 1236.50
1236.50 1237.00
1237.00 1237.50
1237.50 1238.00
1238.00 1238.50
1238.50 1239.00
1239.00 1239.50
1239.50 1240.00
1240.00 1240.50
1240.50 1241.00
1241.00 1241.50
1241.50 1242.00
1242.00 1242.50
1242.50 1243.00
1243.00 1243.50
1243.50 1244.00
1244.00 1244.50
1244.50 1245.00
1245.00 1245.50
1245.50 1246.00
1246.00 1246.50
1246.50 1247.00
1247.00 1247.50
1247.50 1248.00
1248.00 1248.50
1248.50 1249.00
1249.00 1249.50
1249.50 1250.00
1250.00 1250.50
1250.50 1251.00
1251.00 1251.50
1251.50 1252.00
1252.00 1252.50
1252.50 1253.00
1253.00 1253.50
1253.50 1254.00
1254.00 1254.50
1254.50 1255.00
1255.00 1255.50
1255.50 1256.00
1256.00 1256.50
1256.50 1257.00
1257.00 1257.50
1257.50 1258.00
1258.00 1258.50
1258.50 1259.00
1259.00 1259.50
1259.50 1260.00
1260.00 1260.50
1260.50 1261.00
1261.00 1261.50
1261.50 1262.00
1262.00 1262.50
1262.50 1263.00
1263.00 1263.50
1263.50 1264.00
1264.00 1264.50
1264.50 1265.00
1265.00 1265.50
1265.50 1266.00
1266.00 1266.50
1266.50 1267.00
1267.00 1267.50
1267.50 1268.00
1268.00 1268.50
1268.50 1269.00
1269.00 1269.50
1269.50 1270.00
1270.00 1270.50
1270.50 1271.00
1271.00 1271.50
1271.50 1272.00
1272.00 1272.50
1272.50 1273.00
1273.00 1273.50
1273.50 1274.00
1274.00 1274.50
1274.50 1275.00
1275.00 1275.50
1275.50 1276.00
1276.00 1276.50
1276.50 1277.00
1277.00 1277.50
1277.50 1278.00
1278.00 1278.50
1278.50 1279.00
1279.00 1279.50
1279.50 1280.00
1280.00 1280.50
1280.50 1281.00
1281.00 1281.50
1281.50 1282.00
1282.00 1282.50
1282.50 1283.00
1283.00 1283.50
1283.50 1284.00
1284.00 1284.50
1284.50 1285.00
1285.00 1285.50
1285.50 1286.00
1286.00 1286.50
1286.50 1287.00
1287.00 1287.50
1287.50 1288.00
1288.00 1288.50
1288.50 1289.00
1289.00 1289.50
1289.50 1290.00
1290.00 1290.50
1290.50 1291.00
1291.00 1291.50
1291.50 1292.00
1292.00 1292.50
1292.50 1293.00
1293.00 1293.50
1293.50 1294.00
1294.00 1294.50
1294.50 1295.00
1295.00 1295.50
1295.50 1296.00
1296.00 1296.50
1296.50 1297.00
1297.00 1297.50
1297.50 1298.00
1298.00 1298.50
1298.50 1299.00
1299.00 1299.50
1299.50 1300.00
1300.00 1300.50
1300.50 1301.00
1301.00 1301.50
1301.50 1302.00
1302.00 1302.50
1302.50 1303.00
1303.00 1303.50
1303.50 1304.00
1304.00 1304.50
1304.50 1305.00
1305.00 1305.50
1305.50 1306.00
1306.00 1306.50
1306.50 1307.00
1307.00 1307.50
1307.50 1308.00
1308.00 1308.50
1308.50 1309.00
1309.00 1309.50
1309.50 1310.00
1310.00 1310.50
1310.50 1311.00
1311.00 1311.50
1311.50 1312.00
1312.00 1312.50
1312.50 1313.00
1313.00 1313.50
1313.50 1314.00
1314.00 1314.50
1314.50 1315.00
1315.00 1315.50
1315.50 1316.00
1316.00 1316.50
1316.50 1317.00
1317.00 1317.50
1317.50 1318.00
1318.00 1318.50
1318.50 1319.00
1319.00 1319.50
1319.50 1320.00
1320.00 1320.50
1320.50 1321.00
1321.00 1321.50
1321.50 1322.00
1322.00 1322.50
1322.50 1323.00
1323.00 1323.50
1323.50 1324.00
1324.00 1324.50
1324.50 1325.00
1325.00 1325.50
1325.50 1326.00
1326.00 1326.50
1326.50 1327.00
1327.00 1327.50
1327.50 1328.00
1328.00 1328.50
1328.50 1329.00
1329.00 1329.50
1329.50 1330.00
1330.00 1330.50
1330.50 1331.00
1331.00 1331.50
1331.50 1332.00
1332.00 1332.50
1332.50 1333.00
1333.00 1333.50
1333.50 1334.00
1334.00 1334.50
1334.50 1335.00
1335.00 1335.50
1335.50 1336.00
1336.00 1336.50
1336.50 1337.00
1337.00 1337.50
1337.50 1338.00
1338.00 1338.50
1338.50 1339.00
1339.00 1339.50
1339.50 1340.00
1340.00 1340.50
1340.50 1341.00
1341.00 1341.50
1341.50 1342.00
1342.00 1342.50
1342.50 1343.00
1343.00 1343.50
1343.50 1344.00
1344.00 1344.50
1344.50 1345.00
1345.00 1345.50
1345.50 1346.00
1346.00 1346.50
1346.50 1347.00
1347.00 1347.50
1347.50 1348.00
1348.00 1348.50
1348.50 1349.00
1349.00 1349.50
1349.50 1350.00
1350.00 1350.50
1350.50 1351.00
1351.00 1351.50
1351.50 1352.00
1352.00 1352.50
1352.50 1353.00
1353.00 1353.50
1353.50 1354.00
1354.00 1354.50
1354.50 1355.00
1355.00 1355.50
1355.50 1356.00
1356.00 1356.50
1356.50 1357.00
1357.00 1357.50
1357.50 1358.00
1358.00 1358.50
1358.50 1359.00
1359.00 1359.50
1359.50 1360.00
1360.00 1360.50
1360.50 1361.00
1361.00 1361.50
1361.50 1362.00
1362.00 1362.50
1362.50 1363.00
1363.00 1363.50
1363.50 1364.00
1364.00 1364.50
1364.50 1365.00
1365.00 1365.50
1365.50 1366.00
1366.00 1366.50
1366.50 1367.00
1367.00 1367.50
1367.50 1368.00
1368.00 1368.50
1368.50 1369.00
1369.00 1369.50
1369.50 1370.00
1370.00 1370.50
1370.50 1371.00
1371.00 1371.50
1371.50 1372.00
1372.00 1372.50
1372.50 1373.00
1373.00 1373.50
1373.50 1374.00
1374.00 1374.50
1374.50 1375.00
1375.00 1375.50
1375.50 1376.00
1376.00 1376.50
1376.50 1377.00
1377.00 1377.50
1377.50 1378.00
1378.00 1378.50
1378.50 1379.00
1379.00 1379.50
1379.50 1380.00
1380.00 1380.50
1380.50 1381.00
1381.00 1381.50
1381.50 1382.00
1382.00 1382.50
1382.50 1383.00
1383.00 1383.50
1383.50 1384.00
1384.00 1384.50
1384.50 1385.00
1385.00 1385.50
1385.50 1386.00
1386.00 1386.50
1386.50 1387.00
1387.00 1387.50
1387.50 1388.00
1388.00 1388.50
1388.50 1389.00
1389.00 1389.50
1389.50 1390.00
1390.00 1390.50
1390.50 1391.00
1391.00 1391.50
1391.50 1392.00
1392.00 1392.50
1392.50 1393.00
1393.00 1393.50
1393.50 1394.00
1394.00 1394.50
1394.50 1395.00
1395.00 1395.50
1395.50 1396.00
1396.00 1396.50
1396.50 1397.00
1397.00 1397.50
1397.50 1398.00
1398.00 1398.50
1398.50 1399.00
1399.00 1399.50
1399.50 1400.00
1400.00 1400.50
1400.50 1401.00
1401.00 1401.50
1401.50 1402.00
1402.00 1402.50
1402.50 1403.00
1403.00 1403.50
1403.50 1404.00
1404.00 1404.50
1404.50 1405.00
1405.00 1405.50
1405.50 1406.00
1406.00 1406.50
1406.50 1407.00
1407.00 1407.50
1407.50 1408.00
1408.00 1408.50
1408.50 1409.00
1409.00 1409.50
1409.50 1410.00
1410.00 1410.50
1410.50 1411.00
1411.00 1411.50
1411.50 1412.00
1412.00 1412.50
1412.50 1413.00
1413.00 1413.50
1413.50 1414.00
1414.00 1414.50
1414.50 1415.00
1415.00 1415.50
1415.50 1416.00
1416.00 1416.50
1416.50 1417.00
1417.00 1417.50
1417.50 1418.00
1418.00 1418.50
1418.50 1419.00
1419.00 1419.50
1419.50 1420.00
1420.00 1420.50
1420.50 1421.00
1421.00 1421.50
1421.50 1422.00
1422.00 1422.50
1422.50 1423.00
1423.00 1423.50
1423.50 1424.00
1424.00 1424.50
1424.50 1425.00
1425.00 1425.50
1425.50 1426.00
1426.00 1426.50
1426.50 1427.00
1427.00 1427.50
1427.50 1428.00
1428.00 1428.50
1428.50 1429.00
1429.00 1429.50
1429.50 1430.00
1430.00 1430.50
1430.50 1431.00
1431.00 1431.50
1431.50 1432.00
1432.00 1432.50
1432.50 1433.00
1433.00 1433.50
1433.50 1434.00
1434.00 1434.50
1434.50 1435.00
1435.00 1435.50
1435.50 1436.00
1436.00 1436.50
1436.50 1437.00
1437.00 1437.50
1437.50 1438.00
1438.00 1438.50
1438.50 1439.00
1439.00 1439.50
1439.50 1440.00
1440.00 1440.50
1440.50 1441.00
1441.00 1441.50
1441.50 1442.00
1442.00 1442.50
1442.50 1443.00
1443.00 1443.50
1443.50 1444.00
1444.00 1444.50
1444.50 1445.00
1445.00 1445.50
1445.50 1446.00
1446.00 1446.50
1446.50 1447.00
1447.00 1447.50
1447.50 1448.00
1448.00 1448.50
1448.50 1449.00
1449.00 1449.50
1449.50 1450.00
1450.00 1450.50
1450.50 1451.00
1451.00 1451.50
1451.50 1452.00
1452.00 1452.50
1452.50 1453.00
1453.00 1453.50
1453.50 1454.00
1454.00 1454.50
1454.50 1455.00
1455.00 1455.50
1455.50 1456.00
1456.00 1456.50
1456.50 1457.00
1457.00 1457.50
1457.50 1458.00
1458.00 1458.50
1458.50 1459.00
1459.00 1459.50
1459.50 1460.00
1460.00 1460.50
1460.50 1461.00
1461.00 1461.50
1461.50 1462.00
1462.00 1462.50
1462.50 1463.00
1463.00 1463.50
1463.50 1464.00
1464.00 1464.50
1464.50 1465.00
1465.00 1465.50
1465.50 1466.00
1466.00 1466.50
1466.50 1467.00
1467.00 1467.50
1467.50 1468.00
1468.00 1468.50
1468.50 1469.00
1469.00 1469.50
1469.50 1470.00
1470.00 1470.50
1470.50 1471.00
1471.00 1471.50
1471.50 1472.00
1472.00 1472.50
1472.50 1473.00
1473.00 1473.50
1473.50 1474.00
1474.00 1474.50
1474.50 1475.00
1475.00 1475.50
1475.50 1476.00
1476.00 1476.50
1476.50 1477.00
1477.00 1477.50
1477.50 1478.00
1478.00 1478.50
1478.50 1479.00
1479.00 1479.50
1479.50 1480.00
1480.00 1480.50
1480.50 1481.00
1481.00 1481.50
1481.50 1482.00
1482.00 1482.50
1482.50 1483.00
1483.00 1483.50
1483.50 1484.00
1484.00 1484.50
1484.50 1485.00
1485.00 1485.50
1485.50 1486.00
1486.00 1486.50
1486.50 1487.00
1487.00 1487.50
1487.50 1488.00
1488.00 1488.50
1488.50 1489.00
1489.00 1489.50
1489.50 1490.00
1490.00 1490.50
1490.50 1491.00
1491.00 1491.50
1491.50 1492.00
1492.00 1492.50
1492.50 1493.00
1493.00 1493.50
1493.50 1494.00
1494.00 1494.50
1494.50 1495.00
1495.00 1495.50
1495.50 1496.00
1496.00 1496.50
1496.50 1497.00
1497.00 1497.50
1497.50 1498.00
1498.00 1498.50
1498.50 1499.00
1499.00 1499.50
1499.50 1500.00
1500.00 1500.50
1500.50 1501.00
1501.00 1501.50
1501.50 1502.00
1502.00 1502.50
1502.50 1503.00
1503.00 1503.50
1503.50 1504.00
1504.00 1504.50
1504.50 1505.00
1505.00 1505.50
1505.50 1506.00
1506.00 1506.50
1506.50 1507.00
1507.00 1507.50
1507.50 1508.00
1508.00 1508.50
1508.50 1509.00
1509.00 1509.50
1509.50 1510.00
1510.00 1510.50
1510.50 1511.00
1511.00 1511.50
1511.50 1512.00
1512.00 1512.50
1512.50 1513.00
1513.00 1513.50
1513.50 1514.00
1514.00 1514.50
1514.50 1515.00
1515.00 1515.50
1515.50 1516.00
1516.00 1516.50
1516.50 1517.00
1517.00 1517.50
1517.50 1518.00
1518.00 1518.50
1518.50 1519.00
1519.00 1519.50
1519.50 1520.00
1520.00 1520.50
1520.50 1521.00
1521.00 1521.50
1521.50 1522.00
1522.00 1522.50
1522.50 1523.00
1523.00 1523.50
1523.50 1524.00
1524.00 1524.50
1524.50 1525.00
1525.00 1525.50
1525.50 1526.00
1526.00 1526.50
1526.50 1527.00
1527.00 1527.50
1527.50 1528.00
1528.00 1528.50
1528.50 1529.00
1529.00 1529.50
1529.50 1530.00
1530.00 1530.50
1530.50 1531.00
1531.00 1531.50
1531.50 1532.00
1532.00 1532.50
1532.50 1533.00
1533.00 1533.50
1533.50 1534.00
1534.00 1534.50
1534.50 1535.00
1535.00 1535.50
1535.50 1536.00
1536.00 1536.50
1536.50 1537.00
1537.00 1537.50
1537.50 1538.00
1538.00 1538.50
1538.50 1539.00
1539.00 1539.50
1539.50 1540.00
1540.00 1540.50
1540.50 1541.00
1541.00 1541.50
1541.50 1542.00
1542.00 1542.50
1542.50 1543.00
1543.00 1543.50
1543.50 1544.00
1544.00 1544.50
1544.50 1545.00
1545.00 1545.50
1545.50 1546.00
1546.00 1546.50
1546.50 1547.00
1547.00 1547.50
1547.50 1548.00
1548.00 1548.50
1548.50 1549.00
1549.00 1549.50
1549.50 1550.00
1550.00 1550.50
1550.50 1551.00
1551.00 1551.50
1551.50 1552.00
1552.00 1552.50
1552.50 1553.00
1553.00 1553.50
1553.50 1554.00
1554.00 1554.50
1554.50 1555.00
1555.00 1555.50
1555.50 1556.00
1556.00 1556.50
1556.50 1557.00
1557.00 1557.50
1557.50 1558.00
1558.00 1558.50
1558.50 1559.00
1559.00 1559.50
1559.50 1560.00
1560.00 1560.50
1560.50 1561.00
1561.00 1561.50
1561.50 1562.00
1562.00 1562.50
1562.50 1563.00
1563.00 1563.50
1563.50 1564.00
1564.00 1564.50
1564.50 1565.00
1565.00 1565.50
1565.50 1566.00
1566.00 1566.50
1566.50 1567.00
1567.00 1567.50
1567.50 1568.00
1568.00 1568.50
1568.50 1569.00
1569.00 1569.50
1569.50 1570.00
1570.00 1570.50
1570.50 1571.00
1571.00 1571.50
1571.50 1572.00
1572.00 1572.50
1572.50 1573.00
1573.00 1573.50
1573.50 1574.00
1574.00 1574.50
1574.50 1575.00
1575.00 1575.50
1575.50 1576.00
1576.00 1576.50
1576.50 1577.00
1577.00 1577.50
1577.50 1578.00
1578.00 1578.50
1578.50 1579.00
1579.00 1579.50
1579.50 1580.00
1580.00 1580.50
1580.50 1581.00
1581.00 1581.50
1581.50 1582.00
1582.00 1582.50
1582.50 1583.00
1583.00 1583.50
1583.50 1584.00
1584.00 1584.50
1584.50 1585.00
1585.00 1585.50
1585.50 1586.00
1586.00 1586.50
1586.50 1587.00
1587.00 1587.50
1587.50 1588.00
1588.00 1588.50
1588.50 1589.00
1589.00 1589.50
1589.50 1590.00
1590.00 1590.50
1590.50 1591.00
1591.00 1591.50
1591.50 1592.00
1592.00 1592.50
1592.50 1593.00
1593.00 1593.50
1593.50 1594.00
1594.00 1594.50
1594.50 1595.00
1595.00 1595.50
1595.50 1596.00
1596.00 1596.50
1596.50 1597.00
1597.00 1597.50
1597.50 1598.00
1598.00 1598.50
1598.50 1599.00
1599.00 1599.50
1599.50 1600.00
1600.00 1600.50
1600.50 1601.00
1601.00 1601.50
1601.50 1602.00
1602.00 1602.50
1602.50 1603.00
1603.00 1603.50
1603.50 1604.00
1604.00 1604.50
1604.50 1605.00
1605.00 1605.50
1605.50 1606.00
1606.00 1606.50
1606.50 1607.00
1607.00 1607.50
1607.50 1608.00
1608.00 1608.50
1608.50 1609.00
1609.00 1609.50
1609.50 1610.00
1610.00 1610.50
1610.50 1611.00
1611.00 1611.50
1611.50 1612.00
1612.00 1612.50
1612.50 1613.00
1613.00 1613.50
1613.50 1614.00
1614.00 1614.50
1614.50 1615.00
1615.00 1615.50
1615.50 1616.00
1616.00 1616.50
1616.50 1617.00
1617.00 1617.50
1617.50 1618.00
1618.00 1618.50
1618.50 1619.00
1619.00 1619.50
1619.50 1620.00
1620.00 1620.50
1620.50 1621.00
1621.00 1621.50
1621.50 1622.00
1622.00 1622.50
1622.50 1623.00
1623.00 1623.50
1623.50 1624.00
1624.00 1624.50
1624.50 1625.00
1625.00 1625.50
1625.50 1626.00
1626.00 1626.50
1626.50 1627.00
1627.00 1627.50
1627.50 1628.00
1628.00 1628.50
1628.50 1629.00
1629.00 1629.50
1629.50 1630.00
1630.00 1630.50
1630.50 1631.00
1631.00 1631.50
1631.50 1632.00
1632.00 1632.50
1632.50 1633.00
1633.00 1633.50
1633.50 1634.00
1634.00 1634.50
1634.50 1635.00
1635.00 1635.50
1635.50 1636.00
1636.00 1636.50
1636.50 1637.00
1637.00 1637.50
1637.50 1638.00
1638.00 1638.50
1638.50 1639.00
1639.00 1639.50
1639.50 1640.00
1640.00 1640.50
1640.50 1641.00
1641.00 1641.50
1641.50 1642.00
1642.00 1642.50
1642.50 1643.00
1643.00 1643.50
1643.50 1644.00
1644.00 1644.50
1644.50 1645.00
1645.00 1645.50
1645.50 1646.00
1646.00 1646.50
1646.50 1647.00
1647.00 1647.50
1647.50 1648.00
1648.00 1648.50
1648.50 1649.00
1649.00 1649.50
1649.50 1650.00
1650.00 1650.50
1650.50 1651.00
1651.00 1651.50
1651.50 1652.00
1652.00 1652.50
1652.50 1653.00
1653.00 1653.50
1653.50 1654.00
1654.00 1654.50
1654.50 1655.00
1655.00 1655.50
1655.50 1656.00
1656.00 1656.50
1656.50 1657.00
1657.00 1657.50
1657.50 1658.00
1658.00 1658.50
1658.50 1659.00
1659.00 1659.50
1659.50 1660.00
1660.00 1660.50
1660.50 1661.00
1661.00 1661.50
1661.50 1662.00
1662.00 1662.50
1662.50 1663.00
1663.00 1663.50
1663.50 1664.00
1664.00 1664.50
1664.50 1665.00
1665.00 1665.50
1665.50 1666.00
1666.00 1666.50
1666.50 1667.00
1667.00 1667.50
1667.50 1668.00
1668.00 1668.50
1668.50 1669.00
1669.00 1669.50
1669.50 1670.00
1670.00 1670.50
1670.50 1671.00
1671.00 1671.50
1671.50 1672.00
1672.00 1672.50
1672.50 1673.00
1673.00 1673.50
1673.50 1674.00
1674.00 1674.50
1674.50 1675.00
1675.00 1675.50
1675.50 1676.00
1676.00 1676.50
1676.50 1677.00
1677.00 1677.50
1677.50 1678.00
1678.00 1678.50
1678.50 1679.00
1679.00 1679.50
1679.50 1680.00
1680.00 1680.50
1680.50 1681.00
1681.00 1681.50
1681.50 1682.00
1682.00 1682.50
1682.50 1683.00
1683.00 1683.50
1683.50 1684.00
1684.00 1684.50
1684.50 1685.00
1685.00 1685.50
1685.50 1686.00
1686.00 1686.50
1686.50 1687.00
1687.00 1687.50
1687.50 1688.00
1688.00 1688.50
1688.50 1689.00
1689.00 1689.50
1689.50 1690.00
1690.00 1690.50
1690.50 1691.00
1691.00 1691.50
1691.50 1692.00
1692.00 1692.50
1692.50 1693.00
1693.00 1693.50
1693.50 1694.00
1694.00 1694.50
1694.50 1695.00
1695.00 1695.50
1695.50 1696.00
1696.00 1696.50
1696.50 1697.00
1697.00 1697.50
1697.50 1698.00
1698.00 1698.50
1698.50 1699.00
1699.00 1699.50
1699.50 1700.00
1700.00 1700.50
1700.50 1701.00
1701.00 1701.50
1701.50 1702.00
1702.00 1702.50
1702.50 1703.00
1703.00 1703.50
1703.50 1704.00
1704.00 1704.50
1704.50 1705.00
1705.00 1705.50
1705.50 1706.00
1706.00 1706.50
1706.50 1707.00
1707.00 1707.50
1707.50 1708.00
1708.00 1708.50
1708.50 1709.00
1709.00 1709.50
1709.50 1710.00
1710.00 1710.50
1710.50 1711.00
1711.00 1711.50
1711.50 1712.00
1712.00 1712.50
1712.50 1713.00
1713.00 1713.50
1713.50 1714.00
1714.00 1714.50
1714.50 1715.00
1715.00 1715.50
1715.50 1716.00
1716.00 1716.50
1716.50 1717.00
1717.00 1717.50
1717.50 1718.00
1718.00 1718.50
1718.50 1719.00
1719.00 1719.50
1719.50 1720.00
1720.00 1720.50
1720.50 1721.00
1721.00 1721.50
1721.50 1722.00
1722.00 1722.50
1722.50 1723.00
1723.00 1723.50
1723.50 1724.00
1724.00 1724.50
1724.50 1725.00
1725.00 1725.50
1725.50 1726.00
1726.00 1726.50
1726.50 1727.00
1727.00 1727.50
1727.50 1728.00
1728.00 1728.50
1728.50 1729.00
1729.00 1729.50
1729.50 1730.00
1730.00 1730.50
1730.50 1731.00
1731.00 1731.50
1731.50 1732.00
1732.00 1732.50
1732.50 1733.00
1733.00 1733.50
1733.50 1734.00
1734.00 1734.50
1734.50 1735.00
1735.00 1735.50
1735.50 1736.00
1736.00 1736.50
1736.50 1737.00
1737.00 1737.50
1737.50 1738.00
1738.00 1738.50
1738.50 1739.00
1739.00 1739.50
1739.50 1740.00
1740.00 1740.50
1740.50 1741.00
1741.00 1741.50
1741.50 1742.00
1742.00 1742.50
1742.50 1743.00
1743.00 1743.50
1743.50 1744.00
1744.00 1744.50
1744.50 1745.00
1745.00 1745.50
1745.50 1746.00
1746.00 1746.50
1746.50 1747.00
1747.00 1747.50
1747.50 1748.00
1748.00 1748.50
1748.50 1749.00
1749.00 1749.50
1749.50 1750.00
1750.00 1750.50
1750.50 1751.00
1751.00 1751.50
1751.50 1752.00
1752.00 1752.50
1752.50 1753.00
1753.00 1753.50
1753.50 1754.00
1754.00 1754.50
1754.50 1755.00
1755.00 1755.50
1755.50 1756.00
1756.00 1756.50
1756.50 1757.00
1757.00 1757.50
1757.50 1758.00
1758.00 1758.50
1758.50 1759.00
1759.00 1759.50
1759.50 1760.00
1760.00 1760.50
1760.50 1761.00
1761.00 1761.50
1761.50 1762.00
1762.00 1762.50
1762.50 1763.00
1763.00 1763.50
1763.50 1764.00
1764.00 1764.50
1764.50 1765.00
1765.00 1765.50
1765.50 1766.00
1766.00 1766.50
1766.50 1767.00
1767.00 1767.50
1767.50 1768.00
1768.00 1768.50
1768.50 1769.00
1769.00 1769.50
1769.50 1770.00
1770.00 1770.50
1770.50 1771.00
1771.00 1771.50
1771.50 1772.00
1772.00 1772.50
1772.50 1773.00
1773.00 1773.50
1773.50 1774.00
1774.00 1774.50
1774.50 1775.00
1775.00 1775.50
1775.50 1776.00
1776.00 1776.50
1776.50 1777.00
1777.00 1777.50
1777.50 1778.00
1778.00 1778.50
1778.50 1779.00
1779.00 1779.50
1779.50 1780.00
1780.00 1780.50
1780.50 1781.00
1781.00 1781.50
1781.50 1782.00
1782.00 1782.50
1782.50 1783.00
1783.00 1783.50
1783.50 1784.00
1784.00 1784.50
1784.50 1785.00
1785.00 1785.50
1785.50 1786.00
1786.00 1786.50
1786.50 1787.00
1787.00 1787.50
1787.50 1788.00
1788.00 1788.50
1788.50 1789.00
1789.00 1789.50
1789.50 1790.00
1790.00 1790.50
1790.50 1791.00
1791.00 1791.50
1791.50 1792.00
1792.00 1792.50
1792.50 1793.00
1793.00 1793.50
1793.50 1794.00
1794.00 1794.50
1794.50 1795.00
1795.00 1795.50
1795.50 1796.00
1796.00 1796.50
1796.50 1797.00
1797.00 1797.50
1797.50 1798.00
1798.00 1798.50
1798.50 1799.00
1799.00 1799.50
1799.50 1800.00
1800.00 1800.50
1800.50 1801.00
1801.00 1801.50
1801.50 1802.00
1802.00 1802.50
1802.50 1803.00
1803.00 1803.50
1803.50 1804.00
1804.00 1804.50
1804.50 1805.00
1805.00 1805.50
1805.50 1806.00
1806.00 1806.50
1806.50 1807.00
1807.00 1807.50
1807.50 1808.00
1808.00 1808.50
1808.50 1809.00
1809.00 1809.50
1809.50 1810.00
1810.00 1810.50
1810.50 1811.00
1811.00 1811.50
1811.50 1812.00
1812.00 1812.50
1812.50 1813.00
1813.00 1813.50
1813.50 1814.00
1814.00 1814.50
1814.50 1815.00
1815.00 1815.50
1815.50 1816.00
1816.00 1816.50
1816.50 1817.00
1817.00 1817.50
1817.50 1818.00
1818.00 1818.50
1818.50 1819.00
1819.00 1819.50
1819.50 1820.00
1820.00 1820.50
1820.50 1821.00
1821.00 1821.50
1821.50 1822.00
1822.00 1822.50
1822.50 1823.00
1823.00 1823.50
1823.50 1824.00
1824.00 1824.50
1824.50 1825.00
1825.00 1825.50
1825.50 1826.00
1826.00 1826.50
1826.50 1827.00
1827.00 1827.50
1827.50 1828.00
1828.00 1828.50
1828.50 1829.00
1829.00 1829.50
1829.50 1830.00
1830.00 1830.50
1830.50 1831.00
1831.00 1831.50
1831.50 1832.00
1832.00 1832.50
1832.50 1833.00
1833.00 1833.50
1833.50 1834.00
1834.00 1834.50
1834.50 1835.00
1835.00 1835.50
1835.50 1836.00
1836.00 1836.50
1836.50 1837.00
1837.00 1837.50
1837.50 1838.00
1838.00 1838.50
1838.50 1839.00
1839.00 1839.50
1839.50 1840.00
1840.00 1840.50
1840.50 1841.00
1841.00 1841.50
1841.50 1842.00
1842.00 1842.50
1842.50 1843.00
1843.00 1843.50
1843.50 1844.00
1844.00 1844.50
1844.50 1845.00
1845.00 1845.50
1845.50 1846.00
1846.00 1846.50
1846.50 1847.00
1847.00 1847.50
1847.50 1848.00
1848.00 1848.50
1848.50 1849.00
1849.00 1849.50
1849.50 1850.00
1850.00 1850.50
1850.50 1851.00
1851.00 1851.50
1851.50 1852.00
1852.00 1852.50
1852.50 1853.00
1853.00 1853.50
1853.50 1854.00
1854.00 1854.50
1854.50 1855.00
1855.00 1855.50
1855.50 1856.00
1856.00 1856.50
1856.50 1857.00
1857.00 1857.50
1857.50 1858.00
1858.00 1858.50
1858.50 1859.00
1859.00 1859.50
1859.50 1860.00
1860.00 1860.50
1860.50 1861.00
1861.00 1861.50
1861.50 1862.00
1862.00 1862.50
1862.50 1863.00
1863.00 1863.50
1863.50 1864.00
1864.00 1864.50
1864.50 1865.00
1865.00 1865.50
1865.50 1866.00
1866.00 1866.50
1866.50 1867.00
1867.00 1867.50
1867.50 1868.00
1868.00 1868.50
1868.50 1869.00
1869.00 1869.50
1869.50 1870.00
1870.00 1870.50
1870.50 1871.00
1871.00 1871.50
1871.50 1872.00
1872.00 1872.50
1872.50 1873.00
1873.00 1873.50
1873.50 1874.00
1874.00 1874.50
1874.50 1875.00
1875.00 1875.50
1875.50 1876.00
1876.00 1876.50
1876.50 1877.00
1877.00 1877.50
1877.50 1878.00
1878.00 1878.50
1878.50 1879.00
1879.00 1879.50
1879.50 1880.00
1880.00 1880.50
1880.50 1881.00
1881.00 1881.50
1881.50 1882.00
1882.00 1882.50
1882.50 1883.00
1883.00 1883.50
1883.50 1884.00
1884.00 1884.50
1884.50 1885.00
1885.00 1885.50
1885.50 1886.00
1886.00 1886.50
1886.50 1887.00
1887.00 1887.50
1887.50 1888.00
1888.00 1888.50
1888.50 1889.00
1889.00 1889.50
1889.50 1890.00
1890.00 1890.50
1890.50 1891.00
1891.00 1891.50
1891.50 1892.00
1892.00 1892.50
1892.50 1893.00
1893.00 1893.50
1893.50 1894.00
1894.00 1894.50
1894.50 1895.00
1895.00 1895.50
1895.50 1896.00
1896.00 1896.50
1896.50 1897.00
1897.00 1897.50
1897.50 1898.00
1898.00 1898.50
1898.50 1899.00
1899.00 1899.50
1899.50 1900.00